0
1
10
100
101
102
103
104
106
107
108
109
11
110
111
112
115
116
117
118
119
12
120
121
122
124
125
126
128
13
130
131
132
133
134
135
136
137
138
139
140
141
142
144
145
146
147
148
149
15
150
151
152
153
154
155
156
157
158
159
16
161
162
163
165
166
167
168
169
17
171
172
173
174
175
176
178
179
18
180
181
182
183
184
185
186
187
188
19
190
191
193
194
195
196
197
198
199
2
20
200
201
203
204
205
206
208
209
21
210
211
212
213
215
216
218
22
220
221
222
223
224
225
226
227
228
23
230
231
232
233
234
235
236
237
238
239
24
240
241
242
243
244
246
247
248
249
25
251
252
253
254
255
256
257
258
259
26
260
261
262
263
264
265
266
267
268
269
27
270
271
273
274
276
277
278
279
28
280
281
282
283
284
285
287
288
289
29
290
291
292
293
294
295
296
297
298
3
30
300
301
302
303
304
305
306
307
308
309
31
310
311
312
313
314
315
316
317
319
32
320
321
322
323
324
325
326
327
328
329
33
330
331
332
333
334
335
336
337
338
339
34
340
341
342
343
344
345
346
347
348
349
35
350
351
352
353
354
355
357
358
359
36
362
363
364
365
366
367
368
369
37
371
372
373
374
375
376
377
378
379
38
380
381
382
383
385
386
387
388
389
39
390
391
392
393
394
395
396
397
398
399
4
40
400
401
402
404
405
406
407
408
409
41
411
412
413
414
415
416
417
418
419
42
420
422
423
424
425
426
427
428
429
43
430
432
433
434
435
436
437
438
439
44
440
441
442
445
446
447
448
449
450
451
452
453
454
455
457
458
459
46
460
461
463
464
465
466
467
468
469
47
470
471
472
473
474
475
476
477
478
48
480
482
483
484
485
487
488
49
490
491
492
493
494
495
496
497
498
499
5
50
500
501
503
504
505
506
507
508
509
510
511
512
513
514
515
516
517
518
519
52
520
521
522
523
524
525
526
527
528
529
53
530
531
55
57
58
6
60
62
63
64
65
66
67
68
69
7
70
71
72
73
74
75
76
77
78
79
8
80
81
82
83
84
85
86
87
88
89
9
90
91
92
93
94
97
98
99